46
14
15
87
36
27
57
51
55
72
52
52
39
73
6
72
62
90
27
85
42
24
23
93
5
51
75
82
10
7
92
36
14
37
30
69
39
74
83
58
42
12
85
82
39
24
45
55
10
15
10
5
89
92
95
50
96
56
52
12
35
98
94
32
6
22
29
32
27
81
42
72
82
2
82
64
57
85
42
82
40
45
91
47
71
11
33
25
7
73
28
29
83
1
15
38
3
13
8
31
68
29
65
76
64
12
5
60
53
70
88
92
93
42
25
28
96
16
42
60
13
68
98
33
96
83
59
62
77
90
99
65
66
1
25
47
15
88
4
29
51
1
95
6
4
55
89
94
36
96
21
68
75
91
51
56
36
36
22
59
19
89
49
28
58
5
29
13
64
7
8
91
11
6
88
67
62
76
91
59
63
82
95
17
88
83
47
18
81
37
57
86
30
49
48
28
74
58
49
57
